,Mumbai,Delhi,Bengaluru,Hyderabad,Ahmedabad,Chennai,Kolkata,Pune,Jaipur,Surat,Lucknow,Kanpur,Nagpur,Visakhapatnam,Bhopal,Patna,Ludhiana,Agra,Nashik,Faridabad,Meerut,Rajkot,Varanasi,Srinagar,Aurangabad,Dhanbad,Amritsar,Navi Mumbai,Allahabad,Ranchi,Howrah,Coimbatore,Jabalpur,Gwalior,Vijayawada,Jodhpur,Madurai,Raipur,Kota,Guwahati,Chandigarh,Solapur,Hubli,Mysore,Tiruchirappalli,Bareilly,Aligarh,Moradabad,Gurgaon,Jalandhar,Latitude,Longitude
Mumbai,0.0,1149.6083877138387,843.1129143956157,622.0197085408088,438.1061360603218,1031.8687770596405,1656.861150286772,120.13816971268406,917.5650883028599,231.8915382644917,1193.0791124676844,1118.7240810657095,688.6091190408852,1103.3471379839502,660.4862985512904,1453.4930196629075,1343.816028055739,1039.3463909667537,139.88821377418643,1128.129419566111,1201.9771955195438,417.67536025658336,1248.8395861382814,1673.7150706669713,273.5922438634721,1498.0334776963334,1405.504669269819,16.692181025962235,1161.4647529643603,1373.80196846831,1647.206985420646,993.5430820198678,866.8997353813397,960.3724202839508,871.4486036047442,793.3643201580364,1159.1554639795463,945.8994001865486,746.1535617437047,2088.0228583282114,1349.8167795365691,356.3862888142078,475.1370456506002,851.6376497792493,1110.2441194623814,1226.2723602398544,1112.1521413149744,1236.0713730049438,1121.7493080521738,1383.8523067035471,19.076,72.8777
Delhi,1149.6083877138387,0.0,1742.6509052375038,1261.5199186370924,775.9893714666632,1760.4686446995104,1318.13891581683,1175.3326520543105,237.09469950848037,939.2240011298726,431.1169022310162,405.034481865487,860.8887118375447,1370.7217966141438,603.95104657471,867.5369847747193,271.6474738197601,191.29250347237044,1021.1168264765859,38.91287970692878,66.62356219851009,950.329686875856,692.9039721452648,635.4299005217828,993.9379658884286,1078.3697858540847,389.38034299035525,1148.388262362192,593.6626066973022,1013.1345016728997,1308.1138453017588,1958.209010131241,676.5166353313315,295.42230137380034,1398.8636761599432,486.8631108404522,2081.6058901654415,943.3884385839569,405.78176900642325,1473.474646830192,227.0939643296299,1229.2195142390585,1491.0920019349892,1817.3027769900948,1990.1985335174104,230.87324816288296,131.66824621195985,163.83607624465955,28.107248876595584,325.8030318305286,28.7041,77.1025
Bengaluru,843.1129143956157,1742.6509052375038,0.0,497.6617769783633,1232.725178971918,290.54316698169487,1558.515250675691,733.0219527570083,1554.8292815343468,1039.1428249211037,1575.3860507190388,1519.2823383080363,918.4868421675831,797.9138267903313,1138.9138372637078,1605.4611661896647,1993.4267701356357,1573.2309969638563,877.103686776111,1709.4294313550897,1773.0202242090468,1258.9104086158873,1478.6206908913355,2355.451225461557,800.977883839299,1517.7684311026944,2085.3977461150293,829.6672721364122,1450.0262499513415,1407.8238367602446,1552.4689024726454,227.1584286109544,1157.9890885991554,1467.7408950312338,510.8933787056641,1544.5447823296456,341.8246295917373,1011.7627200548347,1367.2772918277283,2077.0347189841364,1968.6199887959565,549.5178845545754,375.8120698034303,127.89977274647764,269.8891922701386,1715.1525471732177,1653.2984087317893,1761.0470213711067,1715.8076254927873,2043.0495849082731,12.9716,77.5946
Hyderabad,622.0197085408088,1261.5199186370924,497.6617769783633,0.0,878.2020046740141,513.1679084541956,1182.0065495782494,506.29102742737217,1091.0133360641662,727.1748953271652,1077.9205482466803,1021.6537711467666,421.076340890121,503.5111059336706,659.9947737570506,1140.1541909428083,1520.5740754470723,1085.411045038943,573.6044962438395,1226.690240889941,1287.104282096723,971.4915729597383,993.7600184017326,1886.2662061142744,431.31592490659057,1090.13987649344,1619.953632766797,605.3275423084982,956.9021767899255,970.54187038523,1174.041583298753,723.685817070995,660.5445322334441,978.6075301454894,249.91067047216023,1131.0103534879247,826.2867406404753,540.5656783280413,908.4184738686372,1676.973380818253,1488.5787599667137,275.6743230928254,423.11922009059896,597.1525043654044,730.0024582886575,1220.0291388853523,1164.8742067389903,1268.802973903307,1235.5178012922731,1571.9680624589644,17.385,78.4867
Ahmedabad,438.1061360603218,775.9893714666632,1232.725178971918,878.2020046740141,0.0,1368.413547194862,1621.4753390340877,516.0899647424286,539.4892160843393,206.85134514860937,945.6767989159893,871.7976094128529,703.823157448459,1258.1980343917237,496.4876028568275,1306.3912871392738,931.7785293397746,715.7099725797044,357.93336390352596,763.3302475775893,836.7404000773047,198.47809906443123,1086.8662646821106,1245.0038498129823,451.5341818348784,1418.5642490491477,980.9420629669036,444.26861195495036,978.9724679774293,1304.248276038281,1610.9830002112944,1407.9617971502544,759.7541809128574,669.312138138546,1111.5909723261118,359.2106341300738,1565.2309699716434,954.6364506314592,413.48903704032307,1969.7800815714231,950.9448680561111,688.1924926864873,889.0930515653166,1262.9711433565967,1502.4898517864508,907.6724406481009,774.0183395870714,894.7316794763658,749.9066155361832,966.930777670855,23.0225,72.5714
Chennai,1031.8687770596405,1760.4686446995104,290.54316698169487,513.1679084541956,1368.413547194862,0.0,1355.3495030670692,913.1412868237752,1600.869331973932,1194.3531340339125,1525.4128254800867,1479.8334822594866,901.1706448519885,599.6903032681711,1166.2056321968362,1475.9187342069006,2024.4709246859447,1578.0570515052232,1031.197827516018,1724.3044428476264,1780.5683265937964,1430.9224259164741,1383.738600524551,2391.0822425975766,917.3825903144678,1351.984864946305,2127.3600271770283,1016.4509773133312,1377.4130105385661,1254.2226789221208,1350.6296806012176,427.1827497295045,1118.1813182932124,1470.4552845467263,380.97063489397937,1641.680988006811,420.7661918180383,915.5138444393808,1420.2267907858047,1878.3594213698711,1987.1725746804884,689.8718469039488,610.1255750965964,403.9109442894116,305.5978427037868,1694.4963748893954,1655.8171417835288,1751.3944620592579,1735.4102462853366,2076.721247412207,13.0827,80.2707
Kolkata,1656.861150286772,1318.13891581683,1558.515250675691,1182.0065495782494,1621.4753390340877,1355.3495030670692,0.0,1577.0367138840775,1359.1465943926505,1612.1426492115093,887.0908631661492,920.0328533261232,971.5210921402936,762.7228691412407,1125.7521127438922,468.5965467570146,1547.1160177244908,1163.4943632930026,1538.3074072878264,1284.146837599339,1282.455320798049,1807.0373875388034,627.175814532981,1839.6622429775077,1383.7489184076817,239.85848152170644,1670.2308678704971,1642.8441290746116,734.927652277995,324.66494532659516,10.629387616252572,1762.8653780273646,862.1772623930203,1108.4159814845264,1051.5453354635717,1606.833942252034,1775.3451485907758,710.9622541453784,1305.4560084039172,523.0188676016445,1463.8554027076648,1410.857734830606,1605.10009925642,1685.0175441424446,1660.3434665037776,1103.4802862314853,1190.8505416291691,1185.9359049863997,1312.0427532989233,1595.6792188609315,22.5726,88.3639
Pune,120.13816971268406,1175.3326520543105,733.0219527570083,506.29102742737217,516.0899647424286,913.1412868237752,1577.0367138840775,0.0,950.2150906174951,312.3883873180874,1174.4840969864708,1101.7851387820333,620.255495787679,995.0492423322543,641.9635373773117,1402.221639663619,1386.1820266349637,1048.7971542194293,163.65910418583272,1150.635106931175,1223.3352777660123,526.339811344164,1205.0055226188915,1726.893162887098,216.71320736960251,1429.6551249515362,1456.2702384555043,104.02749493242383,1125.1042812305602,1304.8401506868856,1567.64855853462,894.6878252520726,820.3097591515477,961.6174504274578,754.7646365896911,858.9990881507848,1056.2325062863654,868.1592742964326,769.6218074818066,2023.3566406512132,1384.6173929495383,236.94336736753343,374.4070566213735,750.6843321012832,1001.8666633085056,1229.7774572135922,1124.9015776521076,1247.5572737962198,1147.2381918548547,1429.0586847987956,18.5204,73.8567
Jaipur,917.5650883028599,237.09469950848037,1554.8292815343468,1091.0133360641662,539.4892160843393,1600.869331973932,1359.1465943926505,950.2150906174951,0.0,703.4184940459488,512.6067085007589,455.20650779011623,721.4886640805785,1275.9362033026812,436.5448184583914,945.2280425520755,442.12703275706735,222.2728362430295,792.5136692529612,224.28232841576474,297.3002522126754,717.7631709863988,740.073567104155,800.6673388207099,780.5808334306612,1125.103672825281,530.8373512094589,917.1697876525415,627.3384156495762,1038.026286589601,1348.6566303544405,1763.8602369487803,591.810978891027,250.75058952248406,1256.8284188584203,285.19068647916754,1896.2658198894571,863.4667650955897,188.34591303987787,1590.7816390117582,434.4043216465654,1024.6570475473038,1280.4266961569438,1620.565865599553,1810.6882096093627,393.97928741151543,252.3496587139776,363.32796176485397,210.56034155534533,489.6255656302549,26.9124,75.7873
Surat,231.8915382644917,939.2240011298726,1039.1428249211037,727.1748953271652,206.85134514860937,1194.3531340339125,1612.1426492115093,312.3883873180874,703.4184940459488,0.0,1037.2796260624305,961.9569705192765,649.8296044635772,1156.6528167270953,525.9595464435548,1349.3363504070153,1119.6459762907616,847.885858011868,163.84669722894168,921.0421119502362,995.2829220536034,244.56118657624293,1134.5571124548703,1444.0219390971513,298.61301874433786,1428.7155730110178,1177.0145774215157,237.50984488963812,1035.7172904616427,1308.0795756355103,1601.9584578864603,1206.878219919292,770.7133225428526,781.1378668375063,971.9253191939836,561.7264685089846,1367.097951590711,913.4194132577837,544.9172518299847,2003.541867764028,1130.6019447486246,505.24479011861536,686.7462158368576,1062.5640557902536,1308.9270740894374,1039.20592205906,915.6541295093364,1039.4467473306445,911.8510424482496,1157.9900148867303,21.1702,72.8311
Lucknow,1193.0791124676844,431.1169022310162,1575.3860507190388,1077.9205482466803,945.6767989159893,1525.4128254800867,887.0908631661492,1174.4840969864708,512.6067085007589,1037.2796260624305,0.0,75.32265568906749,659.0853600726309,1040.9288279756609,533.7861715863543,441.2083681628718,669.4436698572915,293.86703648217167,1053.2014872723216,397.7319516561888,397.2501983844007,1143.5216247040128,264.2898968399221,995.6622617712942,960.9789359716865,647.2829823856722,793.5577044432432,1185.9023823052303,180.37383045555256,586.6462844943624,877.0938861310914,1801.6029502272202,417.39886293471034,284.0630011668835,1145.3985027256167,792.1774742548628,1896.4979525132362,623.6139051025245,539.765111832501,1078.178751239356,592.3896299440747,1141.8782601344346,1407.2386999840926,1672.5693311087496,1792.8492525220997,225.32137379062848,305.7708072212856,307.45414952361864,426.02705079000384,720.765436725965,26.8467,80.9462
Kanpur,1118.7240810657095,405.034481865487,1519.2823383080363,1021.6537711467666,871.7976094128529,1479.8334822594866,920.0328533261232,1101.7851387820333,455.20650779011623,961.9569705192765,75.32265568906749,0.0,600.9621930718523,1014.941629592966,460.30018421717915,490.26650369389375,659.1190066184613,244.65554811697046,978.8746554675347,368.67095621362756,381.976506437536,1069.8608362497637,292.97325482260186,999.4503983879749,889.0934678025532,681.5667515342234,782.6253392467631,1111.7125615222,188.7628013735264,609.2252100038937,909.7912547941253,1744.765635081212,363.72219368905024,216.07697113549386,1101.5051116415327,729.750072663375,1843.8721038682604,590.7329073863281,468.30399773322375,1139.0143746912368,588.2250092973024,1074.9142633207496,1341.1083071886878,1613.8510434251189,1741.8012589374348,230.38014152846318,274.171863465592,306.1319261181309,395.3732156441446,712.0323227274072,26.4499,80.3319
Nagpur,688.6091190408852,860.8887118375447,918.4868421675831,421.076340890121,703.823157448459,901.1706448519885,971.5210921402936,620.255495787679,721.4886640805785,649.8296044635772,659.0853600726309,600.9621930718523,0.0,578.5366056365641,290.9474056111912,790.4962631043475,1127.9341610609374,676.9350142044145,566.8359610740841,824.17614755625,879.424525715978,866.6858057620691,609.5063748580334,1494.5094613963743,415.1138047082899,810.4548385626158,1235.4989661424045,675.3573860940709,552.5244767154725,685.8728593338182,961.6469143132881,1143.8041900798764,243.71050262687257,569.3325899620322,539.2144254430447,836.8036867924496,1245.9597414973455,264.135293020975,558.4016255356573,1403.222319310198,1086.9733654431334,510.4357347365939,764.8473006887637,1013.5449956776073,1146.659840310862,800.6409359883093,754.6767327420479,852.7524294252374,836.4744025798063,1180.984810442201,21.1458,79.0882
Visakhapatnam,1103.3471379839502,1370.7217966141438,797.9138267903313,503.5111059336706,1258.1980343917237,599.6903032681711,762.7228691412407,995.0492423322543,1275.9362033026812,1156.6528167270953,1040.9288279756609,1014.941629592966,578.5366056365641,0.0,864.3831161033719,897.754241023641,1642.1637820894957,1179.4361635801542,1025.8870183349575,1331.9267600599453,1371.7541534196557,1395.5517437143037,845.2982297492782,2000.946912505517,864.7870146801525,754.4440291813115,1759.1659807453468,1086.922215146482,869.6789211044443,663.1755353995173,757.1823567665288,1000.1745578995768,695.4806506568611,1078.087449250104,303.1726294813064,1414.9241485539317,1020.1920794644203,428.39503643467657,1128.8433248600916,1284.2611524623817,1585.278460997927,775.75818192132,901.3725809397037,925.2341464677729,905.0751516637454,1244.6258211449053,1246.9828945067284,1315.764072306304,1350.562437936547,1696.3727129584688,17.6868,83.2185
Bhopal,660.4862985512904,603.95104657471,1138.9138372637078,659.9947737570506,496.4876028568275,1166.2056321968362,1125.7521127438922,641.9635373773117,436.5448184583914,525.9595464435548,533.7861715863543,460.30018421717915,290.9474056111912,864.3831161033719,0.0,824.7983182298726,860.5793020738253,438.0165629342496,520.6713728968687,570.515836808442,634.9102992613862,686.9374198675865,608.788987261695,1226.4082149979906,431.60512662192025,922.6472937195917,961.2236215655173,652.781146001372,510.3467064318446,807.7616289083248,1115.22725592287,1355.8633604849213,263.58112432599955,336.8316114398028,820.7374364351465,553.0280537508024,1477.6564355637302,488.22527012096896,267.47854772183183,1483.344094421827,830.4612993334052,639.5668075390458,906.4012881584453,1216.268994231864,1386.833727369099,600.8449478812919,518.2094337458418,632.8635795610596,577.3409825659563,912.0453216001547,23.2599,77.4126
Patna,1453.4930196629075,867.5369847747193,1605.4611661896647,1140.1541909428083,1306.3912871392738,1475.9187342069006,468.5965467570146,1402.221639663619,945.2280425520755,1349.3363504070153,441.2083681628718,490.26650369389375,790.4962631043475,897.754241023641,824.7983182298726,0.0,1083.4293966873954,732.6067335349402,1318.853655528993,836.2207200688673,825.7899691981737,1503.1200488707232,219.75537324853485,1371.1054478577867,1188.068043808227,238.3206538074223,1205.6499593024812,1442.4908871902824,331.31465562195785,249.8307065277528,459.63801124389005,1829.2735775004053,586.8432451674927,700.1863486898532,1108.8383823033828,1215.2691115831492,1886.0099770323636,599.7931500050922,933.766474091549,664.0974073733113,998.5567029551308,1297.2156754453003,1539.3332931132352,1721.3715628174793,1773.300995780319,644.3836584297144,746.1047459126295,725.5840188983357,864.9562611459323,1130.7733655386187,25.5941,85.1376
Ludhiana,1343.816028055739,271.6474738197601,1993.4267701356357,1520.5740754470723,931.7785293397746,2024.4709246859447,1547.1160177244908,1386.1820266349637,442.12703275706735,1119.6459762907616,669.4436698572915,659.1190066184613,1127.9341610609374,1642.1637820894957,860.5793020738253,1083.4293966873954,0.0,462.872596361196,1225.588181035008,310.3184602384857,277.47924725813124,1077.026252921638,933.2850315935976,366.7301601304871,1222.426280675259,1308.1295191806873,124.1151520509743,1345.145131229111,843.9314747111517,1255.6877503059477,1537.5090339370354,2204.593066935224,948.1639247182512,566.6220241511087,1666.9165771594396,586.2759413554024,2334.2017762798723,1214.5305141318424,630.2610081283627,1639.3600076109653,90.16936883266852,1466.666551122153,1722.2777978621389,2061.7620391777396,2246.0504234796645,445.61576113833223,397.11098899441794,362.78259169098084,293.34021374988555,54.215610070158945,30.901,75.8573
Agra,1039.3463909667537,191.29250347237044,1573.2309969638563,1085.411045038943,715.7099725797044,1578.0570515052232,1163.4943632930026,1048.7971542194293,222.2728362430295,847.885858011868,293.86703648217167,244.65554811697046,676.9350142044145,1179.4361635801542,438.0165629342496,732.6067335349402,462.872596361196,0.0,904.0015108327499,152.5543061140879,202.52422232931005,906.6812319611009,537.1146448836671,825.1449671952646,853.0220521170314,925.6682232289968,580.195152544254,1035.762724303556,429.03130545455497,848.9896358774228,1153.1877807180115,1792.2783730136957,485.3969243062898,107.60336371649163,1212.5242747757152,506.6664184196081,1909.6641732099945,752.2386484519145,305.2508941457476,1370.7336083496564,411.98056554871823,1075.778451790035,1341.5087587689416,1653.5893991136406,1815.386016944888,192.48745342644384,80.25126532953864,198.95350284129324,171.92741783304845,517.0545760738157,27.1767,78.0081
Nashik,139.88821377418643,1021.1168264765859,877.103686776111,573.6044962438395,357.93336390352596,1031.197827516018,1538.3074072878264,163.65910418583272,792.5136692529612,163.84669722894168,1053.2014872723216,978.8746554675347,566.8359610740841,1025.8870183349575,520.6713728968687,1318.853655528993,1225.588181035008,904.0015108327499,0.0,998.0422214402956,1071.4542243935348,401.8459036904051,1112.138030981698,1564.0252186684804,163.18679366253932,1371.5863654014395,1293.7144356947572,133.28395801386392,1023.1358369313375,1248.0407202076951,1528.4547545740375,1050.0789538344766,732.0236288712006,822.6925708053847,821.6332192333574,695.6394213523093,1207.6396152967116,828.7359728612264,615.7483976768734,1958.534758806827,1226.608401349667,341.62792354582155,531.9091170467792,905.0422935830456,1146.989466413502,1089.4355507757748,978.0217149684895,1101.6448484272296,993.1021601136334,1267.7105555385913,19.9975,73.7898
Faridabad,1128.129419566111,38.91287970692878,1709.4294313550897,1226.690240889941,763.3302475775893,1724.3044428476264,1284.146837599339,1150.635106931175,224.28232841576474,921.0421119502362,397.7319516561888,368.67095621362756,824.17614755625,1331.9267600599453,570.515836808442,836.2207200688673,310.3184602384857,152.5543061140879,998.0422214402956,0.0,74.24121639458062,941.6736204921832,658.0719010227301,673.3671458956229,966.106525323922,1044.516434460774,428.2931737083114,1126.4349969678367,557.427695702048,977.4790271554325,1274.070982177044,1925.802812571939,637.9037126865973,257.3904153091865,1361.7001300727172,488.181894051129,2047.8934769424156,904.5264715577787,382.3452211218739,1448.512446639556,262.87625869105415,1199.1352491594798,1461.986418865454,1785.342884957537,1955.8251674716041,207.09972377044386,94.53153001382879,150.0873375123489,29.073295554068736,364.5031148846094,28.4089,77.3178
Meerut,1201.9771955195438,66.62356219851009,1773.0202242090468,1287.104282096723,836.7404000773047,1780.5683265937964,1282.455320798049,1223.3352777660123,297.3002522126754,995.2829220536034,397.2501983844007,381.976506437536,879.424525715978,1371.7541534196557,634.9102992613862,825.7899691981737,277.47924725813124,202.52422232931005,1071.4542243935348,74.24121639458062,0.0,1013.5996177935505,661.4375985920191,629.1935455081135,1036.8660435678205,1042.6491623556199,400.68704727439956,1200.165673237267,568.0887320133986,983.549937078475,1272.5944952938894,1990.7594439203922,682.1240287585199,310.117120086826,1414.3408372594445,553.2434176217306,2110.4107825821293,943.3875424850673,455.95925368317563,1419.8200412599458,213.54382870060707,1267.5827656637523,1531.3811581639718,1851.0538497327461,2016.938383121027,181.87103118297352,126.14513825653836,105.29466980067136,88.29831768373873,330.8702423442919,28.9845,77.7064
Rajkot,417.67536025658336,950.329686875856,1258.9104086158873,971.4915729597383,198.47809906443123,1430.9224259164741,1807.0373875388034,526.339811344164,717.7631709863988,244.56118657624293,1143.5216247040128,1069.8608362497637,866.6858057620691,1395.5517437143037,686.9374198675865,1503.1200488707232,1077.026252921638,906.6812319611009,401.8459036904051,941.6736204921832,1013.5996177935505,0.0,1283.8377805152609,1362.7754493246048,542.985871988978,1609.3210311843718,1109.6888044564785,430.10278235528546,1176.6670858488533,1493.0739296064983,1796.6251189633301,1410.4733775681125,948.1910567638505,865.5622945826998,1216.4792242320864,490.7537246180206,1576.7885946434342,1125.5912168240375,608.3519532338386,2165.8957442777605,1107.2627840101684,741.2432639717782,892.809532306458,1269.1371332407555,1527.0425823800424,1097.3704392249385,960.8158978027052,1078.973656858176,925.5687241417234,1106.2298868718103,22.3039,70.8022
Varanasi,1248.8395861382814,692.9039721452648,1478.6206908913355,993.7600184017326,1086.8662646821106,1383.738600524551,627.175814532981,1205.0055226188915,740.073567104155,1134.5571124548703,264.2898968399221,292.97325482260186,609.5063748580334,845.2982297492782,608.788987261695,219.75537324853485,933.2850315935976,537.1146448836671,1112.138030981698,658.0719010227301,661.4375985920191,1283.8377805152609,0.0,1252.0684693830956,988.8762129139265,388.6161358320388,1057.368233749257,1238.6212498236903,114.2343616460119,322.4352284299147,616.9682436572983,1705.3544346959318,384.71595563528183,490.82741380228083,1005.0523910324623,1002.9448758613963,1779.2518433550192,470.84460769716554,716.12160978674,883.8348671913025,854.8027257344982,1119.8510592392693,1372.4272729671668,1587.7537010434305,1669.829082402954,488.0013375658642,564.2727427052207,570.6919292409525,685.647823131862,984.2004297263067,25.3176,82.9739
Srinagar,1673.7150706669713,635.4299005217828,2355.451225461557,1886.2662061142744,1245.0038498129823,2391.0822425975766,1839.6622429775077,1726.893162887098,800.6673388207099,1444.0219390971513,995.6622617712942,999.4503983879749,1494.5094613963743,2000.946912505517,1226.4082149979906,1371.1054478577867,366.7301601304871,825.1449671952646,1564.0252186684804,673.3671458956229,629.1935455081135,1362.7754493246048,1252.0684693830956,0.0,1575.2088641408975,1605.9021724581075,271.76733142730495,1676.805993443317,1175.521502553379,1570.09990439724,1830.7421883770878,2564.0530180825385,1309.9413196503342,930.7468288164707,2033.3405749997487,886.2039883088454,2696.7870621000293,1572.573646337498,988.6045494485725,1850.9802464646848,415.67541092306794,1822.958087071927,2073.8613092641594,2420.3590404325305,2610.1748891467228,772.1663889169855,754.3239868155749,693.3885918145352,658.6707437703486,314.4225315715776,34.0837,74.7973
Aurangabad,273.5922438634721,993.9379658884286,800.977883839299,431.31592490659057,451.5341818348784,917.3825903144678,1383.7489184076817,216.71320736960251,780.5808334306612,298.61301874433786,960.9789359716865,889.0934678025532,415.1138047082899,864.7870146801525,431.60512662192025,1188.068043808227,1222.426280675259,853.0220521170314,163.18679366253932,966.106525323922,1036.8660435678205,542.985871988978,988.8762129139265,1575.2088641408975,0.0,1225.0632374546733,1303.459540883245,260.2444561423973,908.3931634400495,1100.673522409204,1374.0483000854883,995.4580850559234,604.3277778740107,760.1707317031219,673.7338758630309,743.5760845273603,1140.7702150976133,672.8576863939937,593.5031245921889,1816.2347273450523,1211.3644819529552,252.40200247128655,499.8596022892643,850.2177584973678,1068.044014203353,1027.8884785410455,931.2361840129458,1051.768739977486,965.9243243695606,1268.6720493581581,19.8762,75.3433
Dhanbad,1498.0334776963334,1078.3697858540847,1517.7684311026944,1090.13987649344,1418.5642490491477,1351.984864946305,239.85848152170644,1429.6551249515362,1125.103672825281,1428.7155730110178,647.2829823856722,681.5667515342234,810.4548385626158,754.4440291813115,922.6472937195917,238.3206538074223,1308.1295191806873,925.6682232289968,1371.5863654014395,1044.516434460774,1042.6491623556199,1609.3210311843718,388.6161358320388,1605.9021724581075,1225.0632374546733,0.0,1431.4625435142648,1485.1610960641003,498.4335907134074,124.87250989371253,229.94964354849031,1734.4093743480753,661.6990445405281,874.5108385906423,1007.9595159040838,1379.2471720352944,1770.814702635529,568.5411315320904,1081.9902040280363,595.5004082715257,1225.4754626307003,1288.7865023506306,1508.1008546207322,1640.059191340155,1656.0905452372397,863.9479278586282,951.3935319065687,946.5016696195231,1072.4903447170311,1357.0633252208745,23.7957,86.4304
Amritsar,1405.504669269819,389.38034299035525,2085.3977461150293,1619.953632766797,980.9420629669036,2127.3600271770283,1670.2308678704971,1456.2702384555043,530.8373512094589,1177.0145774215157,793.5577044432432,782.6253392467631,1235.4989661424045,1759.1659807453468,961.2236215655173,1205.6499593024812,124.1151520509743,580.195152544254,1293.7144356947572,428.2931737083114,400.68704727439956,1109.6888044564785,1057.368233749257,271.76733142730495,1303.459540883245,1431.4625435142648,0.0,1408.1372466181956,967.8748062189497,1379.7573254133108,1660.6689403040837,2292.9935845655577,1064.0452719214193,681.4276555668832,1774.6576411234528,624.4849127197624,2426.9491595214067,1332.3984064902745,718.1320393306936,1751.4231126093978,207.40440527045962,1551.4363141026486,1802.1065270898794,2149.1164038294282,2341.4786891136987,569.5991120559756,517.8845870800093,486.78465051410035,408.62998974339354,75.09989217708218,31.634,74.8723
Navi Mumbai,16.692181025962235,1148.388262362192,829.6672721364122,605.3275423084982,444.26861195495036,1016.4509773133312,1642.8441290746116,104.02749493242383,917.1697876525415,237.50984488963812,1185.9023823052303,1111.7125615222,675.3573860940709,1086.922215146482,652.781146001372,1442.4908871902824,1345.145131229111,1035.762724303556,133.28395801386392,1126.4349969678367,1200.165673237267,430.10278235528546,1238.6212498236903,1676.805993443317,260.2444561423973,1485.1610960641003,1408.1372466181956,0.0,1152.0857917332269,1360.838718721085,1633.2149480282126,982.1725896400183,856.1306742166757,955.6096451261445,854.7607019478171,797.9814909656227,1147.1224190146527,931.9077755249059,744.2169403474317,2075.6460394996125,1350.023520875238,339.9127137706496,463.0550187594438,839.8477904248359,1097.1915742943559,1222.0043942851944,1109.0767517761972,1232.8981302548343,1120.4772636574094,1385.6271003044772,19.033,73.0297
Allahabad,1161.4647529643603,593.6626066973022,1450.0262499513415,956.9021767899255,978.9724679774293,1377.4130105385661,734.927652277995,1125.1042812305602,627.3384156495762,1035.7172904616427,180.37383045555256,188.7628013735264,552.5244767154725,869.6789211044443,510.3467064318446,331.31465562195785,843.9314747111517,429.03130545455497,1023.1358369313375,557.427695702048,568.0887320133986,1176.6670858488533,114.2343616460119,1175.521502553379,908.3931634400495,498.4335907134074,967.8748062189497,1152.0857917332269,0.0,420.80874531305835,724.5683927576157,1677.173560240252,313.02017425333116,377.3914423235179,996.4697711365087,888.7373360808248,1761.330921635452,463.94803155146985,602.6871429492783,994.7655666851575,769.6093351248802,1057.8236749456817,1316.6987270579632,1553.9915975630734,1654.545917824734,403.8062236634032,462.93442754602546,484.6839798565372,584.1097062054579,896.1600689941451,25.4358,81.8463
Ranchi,1373.80196846831,1013.1345016728997,1407.8238367602446,970.54187038523,1304.248276038281,1254.2226789221208,324.66494532659516,1304.8401506868856,1038.026286589601,1308.0795756355103,586.6462844943624,609.2252100038937,685.8728593338182,663.1755353995173,807.7616289083248,249.8307065277528,1255.6877503059477,848.9896358774228,1248.0407202076951,977.4790271554325,983.549937078475,1493.0739296064983,322.4352284299147,1570.09990439724,1100.673522409204,124.87250989371253,1379.7573254133108,1360.838718721085,420.80874531305835,0.0,314.04124361522173,1627.0011395294225,544.95247237018,787.7203585985023,900.4521217302719,1282.386768998624,1670.4365816220352,444.3724857141524,980.8024590126305,720.1668414618284,1176.7218931333582,1164.786853501947,1386.595127757466,1528.5894291820262,1556.2901173507664,810.2652192511562,883.1369148934307,893.0178417821995,1004.4897706712483,1306.4782210037392,23.3441,85.3096
Howrah,1647.206985420646,1308.1138453017588,1552.4689024726454,1174.041583298753,1610.9830002112944,1350.6296806012176,10.629387616252572,1567.64855853462,1348.6566303544405,1601.9584578864603,877.0938861310914,909.7912547941253,961.6469143132881,757.1823567665288,1115.22725592287,459.63801124389005,1537.5090339370354,1153.1877807180115,1528.4547545740375,1274.070982177044,1272.5944952938894,1796.6251189633301,616.9682436572983,1830.7421883770878,1374.0483000854883,229.94964354849031,1660.6689403040837,1633.2149480282126,724.5683927576157,314.04124361522173,0.0,1757.3569086032894,851.6499533319832,1097.9307810604034,1045.0824990263648,1596.2271209737116,1770.7758451608224,701.3121582479052,1294.8299412386014,527.7922827012727,1454.357371046816,1402.1028822594362,1597.1535815149755,1678.866737390219,1655.7409356005724,1093.7331997594924,1180.733671526517,1176.2182988139193,1301.945416691516,1586.1438759483083,22.5958,88.2636
Coimbatore,993.5430820198678,1958.209010131241,227.1584286109544,723.685817070995,1407.9617971502544,427.1827497295045,1762.8653780273646,894.6878252520726,1763.8602369487803,1206.878219919292,1801.6029502272202,1744.765635081212,1143.8041900798764,1000.1745578995768,1355.8633604849213,1829.2735775004053,2204.593066935224,1792.2783730136957,1050.0789538344766,1925.802812571939,1990.7594439203922,1410.4733775681125,1705.3544346959318,2564.0530180825385,995.4580850559234,1734.4093743480753,2292.9935845655577,982.1725896400183,1677.173560240252,1627.0011395294225,1757.3569086032894,0.0,1384.2300862612713,1687.631238321696,726.7348053292006,1734.9067751461798,175.54844844227,1237.673672526069,1575.621356462094,2284.2166474747987,2183.157770113384,743.670687037044,520.376562610934,145.62792639914954,192.82609086115536,1938.0497554345925,1872.4874554903395,1982.107692871452,1931.0547528551435,2253.284399428749,11.0168,76.9558
Jabalpur,866.8997353813397,676.5166353313315,1157.9890885991554,660.5445322334441,759.7541809128574,1118.1813182932124,862.1772623930203,820.3097591515477,591.810978891027,770.7133225428526,417.39886293471034,363.72219368905024,243.71050262687257,695.4806506568611,263.58112432599955,586.8432451674927,948.1639247182512,485.3969243062898,732.0236288712006,637.9037126865973,682.1240287585199,948.1910567638505,384.71595563528183,1309.9413196503342,604.3277778740107,661.6990445405281,1064.0452719214193,856.1306742166757,313.02017425333116,544.95247237018,851.6499533319832,1384.2300862612713,0.0,382.6889446012656,742.2153097114145,781.4500174446349,1480.4471900565363,272.72382925151805,475.3614882372008,1233.252383172852,895.1607035323586,744.8456718160837,1004.7036121315897,1255.8393289595688,1378.0877576852267,577.1734589292381,556.1528642538792,638.3840324812196,655.6469415676812,1002.3087471979649,23.1815,79.9864
Gwalior,960.3724202839508,295.42230137380034,1467.7408950312338,978.6075301454894,669.312138138546,1470.4552845467263,1108.4159814845264,961.6174504274578,250.75058952248406,781.1378668375063,284.0630011668835,216.07697113549386,569.3325899620322,1078.087449250104,336.8316114398028,700.1863486898532,566.6220241511087,107.60336371649163,822.6925708053847,257.3904153091865,310.117120086826,865.5622945826998,490.82741380228083,930.7468288164707,760.1707317031219,874.5108385906423,681.4276555668832,955.6096451261445,377.3914423235179,787.7203585985023,1097.9307810604034,1687.631238321696,382.6889446012656,0.0,1105.2348373664597,515.4245855349903,1803.4507885048513,652.6838533785157,257.8676871085155,1354.2515214620478,518.8975057842187,976.3433586492276,1242.9861301125222,1549.6734718476182,1708.6094660448089,268.2154249573514,186.2893078695959,296.1605160819566,273.4270900035289,620.6236163376358,26.2183,78.1828
Vijayawada,871.4486036047442,1398.8636761599432,510.8933787056641,249.91067047216023,1111.5909723261118,380.97063489397937,1051.5453354635717,754.7646365896911,1256.8284188584203,971.9253191939836,1145.3985027256167,1101.5051116415327,539.2144254430447,303.1726294813064,820.7374364351465,1108.8383823033828,1666.9165771594396,1212.5242747757152,821.6332192333574,1361.7001300727172,1414.3408372594445,1216.4792242320864,1005.0523910324623,2033.3405749997487,673.7338758630309,1007.9595159040838,1774.6576411234528,854.7607019478171,996.4697711365087,900.4521217302719,1045.0824990263648,726.7348053292006,742.2153097114145,1105.2348373664597,0.0,1335.7148443822246,777.878994148876,535.3303025940753,1084.6761432129583,1567.4952197764355,1624.0565225747885,520.5679346850335,604.7674500617816,635.4529463190069,666.3736908330139,1319.388657956981,1288.602698911188,1379.1634519421764,1374.886108600947,1720.0750302968595,16.5062,80.648
Jodhpur,793.3643201580364,486.8631108404522,1544.5447823296456,1131.0103534879247,359.2106341300738,1641.680988006811,1606.833942252034,858.9990881507848,285.19068647916754,561.7264685089846,792.1774742548628,729.750072663375,836.8036867924496,1414.9241485539317,553.0280537508024,1215.2691115831492,586.2759413554024,506.6664184196081,695.6394213523093,488.181894051129,553.2434176217306,490.7537246180206,1002.9448758613963,886.2039883088454,743.5760845273603,1379.2471720352944,624.4849127197624,797.9814909656227,888.7373360808248,1282.386768998624,1596.2271209737116,1734.9067751461798,781.4500174446349,515.4245855349903,1335.7148443822246,0.0,1883.8673017381639,1036.2546155542277,306.8189870544218,1868.7376263982162,618.9993520291447,995.3968564276486,1223.55569027609,1589.2833160812675,1811.344231262342,676.4235619763523,534.794086494089,636.6391090452872,466.18094810880024,616.3571559405099,26.2389,73.0243
Madurai,1159.1554639795463,2081.6058901654415,341.8246295917373,826.2867406404753,1565.2309699716434,420.7661918180383,1775.3451485907758,1056.2325062863654,1896.2658198894571,1367.097951590711,1896.4979525132362,1843.8721038682604,1245.9597414973455,1020.1920794644203,1477.6564355637302,1886.0099770323636,2334.2017762798723,1909.6641732099945,1207.6396152967116,2047.8934769424156,2110.4107825821293,1576.7885946434342,1779.2518433550192,2696.7870621000293,1140.7702150976133,1770.814702635529,2426.9491595214067,1147.1224190146527,1761.330921635452,1670.4365816220352,1770.7758451608224,175.54844844227,1480.4471900565363,1803.4507885048513,777.878994148876,1883.8673017381639,0.0,1308.4205267699633,1708.8760758190622,2298.344839639917,2308.0069706452687,888.5391505168279,684.0711553397906,308.08148644287644,115.16842116684757,2046.127900448863,1989.4931548921202,2094.910347406047,2054.9640463259752,2384.0768946953467,9.9252,78.1198
Raipur,945.8994001865486,943.3884385839569,1011.7627200548347,540.5656783280413,954.6364506314592,915.5138444393808,710.9622541453784,868.1592742964326,863.4667650955897,913.4194132577837,623.6139051025245,590.7329073863281,264.135293020975,428.39503643467657,488.22527012096896,599.7931500050922,1214.5305141318424,752.2386484519145,828.7359728612264,904.5264715577787,943.3875424850673,1125.5912168240375,470.84460769716554,1572.573646337498,672.8576863939937,568.5411315320904,1332.3984064902745,931.9077755249059,463.94803155146985,444.3724857141524,701.3121582479052,1237.673672526069,272.72382925151805,652.6838533785157,535.3303025940753,1036.2546155542277,1308.4205267699633,0.0,735.1276866454049,1163.9039310276137,1156.9002867011272,720.420735171551,947.0902444005578,1124.5384925016406,1199.0542189770013,818.8999607179118,818.772975317775,888.406373310388,923.8310029644134,1268.7459888606068,21.2514,81.6296
Kota,746.1535617437047,405.78176900642325,1367.2772918277283,908.4184738686372,413.48903704032307,1420.2267907858047,1305.4560084039172,769.6218074818066,188.34591303987787,544.9172518299847,539.765111832501,468.30399773322375,558.4016255356573,1128.8433248600916,267.47854772183183,933.766474091549,630.2610081283627,305.2508941457476,615.7483976768734,382.3452211218739,455.95925368317563,608.3519532338386,716.12160978674,988.6045494485725,593.5031245921889,1081.9902040280363,718.1320393306936,744.2169403474317,602.6871429492783,980.8024590126305,1294.8299412386014,1575.621356462094,475.3614882372008,257.8676871085155,1084.6761432129583,306.8189870544218,1708.8760758190622,735.1276866454049,0.0,1595.6424491500356,618.2423261556492,836.4086561948798,1093.1273636676701,1432.2484252646807,1624.3342470094253,497.7046636954182,370.7608272646889,494.53312983204216,377.7050432591346,677.9714679458349,25.2138,75.8648
Guwahati,2088.0228583282114,1473.474646830192,2077.0347189841364,1676.973380818253,1969.7800815714231,1878.3594213698711,523.0188676016445,2023.3566406512132,1590.7816390117582,2003.541867764028,1078.178751239356,1139.0143746912368,1403.222319310198,1284.2611524623817,1483.344094421827,664.0974073733113,1639.3600076109653,1370.7336083496564,1958.534758806827,1448.512446639556,1419.8200412599458,2165.8957442777605,883.8348671913025,1850.9802464646848,1816.2347273450523,595.5004082715257,1751.4231126093978,2075.6460394996125,994.7655666851575,720.1668414618284,527.7922827012727,2284.2166474747987,1233.252383172852,1354.2515214620478,1567.4952197764355,1868.7376263982162,2298.344839639917,1163.9039310276137,1595.6424491500356,0.0,1549.333874178307,1883.7879433902797,2098.1014997113152,2202.707039334754,2183.3549942376485,1242.6526453281695,1367.50498467384,1314.5393153196328,1477.4941869979955,1677.7132314797402,26.1445,91.7362
Chandigarh,1349.8167795365691,227.0939643296299,1968.6199887959565,1488.5787599667137,950.9448680561111,1987.1725746804884,1463.8554027076648,1384.6173929495383,434.4043216465654,1130.6019447486246,592.3896299440747,588.2250092973024,1086.9733654431334,1585.278460997927,830.4612993334052,998.5567029551308,90.16936883266852,411.98056554871823,1226.608401349667,262.87625869105415,213.54382870060707,1107.2627840101684,854.8027257344982,415.67541092306794,1211.3644819529552,1225.4754626307003,207.40440527045962,1350.023520875238,769.6093351248802,1176.7218931333582,1454.357371046816,2183.157770113384,895.1607035323586,518.8975057842187,1624.0565225747885,618.9993520291447,2308.0069706452687,1156.9002867011272,618.2423261556492,1549.333874178307,0.0,1450.7606439795347,1710.419532916029,2041.6500327627143,2217.065525865015,367.1369220222459,339.0558277444208,285.08444200926783,253.17586627652832,132.34076605318552,30.7333,76.7794
Solapur,356.3862888142078,1229.2195142390585,549.5178845545754,275.6743230928254,688.1924926864873,689.8718469039488,1410.857734830606,236.94336736753343,1024.6570475473038,505.24479011861536,1141.8782601344346,1074.9142633207496,510.4357347365939,775.75818192132,639.5668075390458,1297.2156754453003,1466.666551122153,1075.778451790035,341.62792354582155,1199.1352491594798,1267.5827656637523,741.2432639717782,1119.8510592392693,1822.958087071927,252.40200247128655,1288.7865023506306,1551.4363141026486,339.9127137706496,1057.8236749456817,1164.786853501947,1402.1028822594362,743.670687037044,744.8456718160837,976.3433586492276,520.5679346850335,995.3968564276486,888.5391505168279,720.420735171551,836.4086561948798,1883.7879433902797,1450.7606439795347,0.0,267.37897354115944,598.7423792679218,817.7742164461275,1239.343041862327,1155.564807276563,1272.1590513474014,1201.4961439281044,1514.1455962696066,17.6599,75.9064
